100
    1        0    6  194    7   53   15   62    1  108    8  -1
    2       77  127   82  211   86  136  138  267  183  210  159  218   72  141  -1
    3      217   12  111   13  194    3  182    8  121    6  160    1  118    6  190    7  -1
    4      325    6   74   14  112   10  161    2  159   11   51    7  -1
    5      352   10  164   14  162    2  164    6  -1
    6      493    3  113   10  120   13   67   14  137    4   96    7   95   11   66    8  -1
    7      563    6  164    9   95    5  165    3   67   11   89    6  199    9  149    2   94   12   93   15  -1
    8     1000    5  177   13  130   14  193    5   57   14  100    2   53   15  -1
    9     1355    4   91   15   60    1   82   15  -1
   10     1389    8  185    4  170    6  129   15  125    8  133    6  -1
   11     1757    6  109    9  114    7   91    8   65   13  199    7  -1
   12     2174   14  155   12  107   14  158    6   69    4  -1
   13     2245   10   58    2  189    3  132    3   56   12  200    9  -1
   14     2367  102   88  251   81  282   61  215  173  297  120  255  138  150  -1
   15     2509    4  152    7  163    2  168    3  186   11   88    4   69    2  197   14  -1
   16     2962    3  100   14  108   15   62   14  151    5  115    5   51    4  112    3  183   12   91   11  -1
   17     3059    5   60   15  193    8  136    9   86    5  162    8  171   13  159   15  -1
   18     3553    3  166    3   51    1   82    8   97    8  132   10  149    6  112    6  -1
   19     3838    1  140    2  104    1  133    9  -1
   20     4172    9  145    4  163   13   58    1  134    6  -1
   21     4379    1  139    8   79    1   63    9  100    7   54    9  -1
   22     4561    9  126   13  139    7   57    5   57    8  142    8  134   14  103    7   51   15  -1
   23     4833   11  136    1  106    5  104   11  172   15  163    4  122   12  156    8  -1
   24     5095  245  132  111  187  140   55  110   91  163   98  227  144  183  -1
   25     5212   11   61    8  189    3  172    7  186    6  -1
   26     5275    6  103    1  124   13  125    6  198    1  -1
   27     5546    1  180   11  158    8  102   15  133    5  154    2   91    6   67   13  166    3  167    2  -1
   28     5978    2   53    4  136    1  163   15   87    2   68    8  122    7   69    9  178   11   85   13  -1
   29     6365   11  152    5   89   10  183    5  137   11   70    5  175    4  136   12  -1
   30     6807  122  188  256  175  223   78  198  155  158   80  186  -1
   31     7145    8  198    1   53   11   88   14  119    3   75    3   61   13  177    3  -1
   32     7458  298   60  275  121  239  113  172  -1
   33     7826    1  172    8   72   10   94   10  145    5  163    9  188    9  101   11  -1
   34     8233    6  184   14  144    2  137   15   78   13   86    8  139    7  109    8   77    9   73    2  -1
   35     8326    2  178    9   99    9  180   13  -1
   36     8822    7  139    5   78    7  178   13   73   15   81    1   90    6   67   12   69   14  -1
   37     9195   11   83   11  161   10   61    9  123   10  102   11  149    3  106    7   66    1  -1
   38     9431    1  197    1  198    5  195    3  102    5  185    3  155    8  -1
   39     9600    2   52    3  165   14  162   10   93    6   87    2   98    4  146    5  -1
   40     9993    9  153   15  184   10  191   13  112    3  186    2   58   10   54    2  150    5  111   15  -1
   41    10051   14   62    7  180    5  111    5   93   13  120    5  -1
   42    10355    7   69   15   78   11   59    7  134    3   92    8  -1
   43    10384   14  107   14  121   14  188    6   71   14  200   15  179   11  -1
   44    10634   12   57    9  163   15  191    4  117    7  181   14  156   13  111    5  -1
   45    10682   15   85   10  135    2  144   13  170    4  200   10  195   14  131    7  157   14  -1
   46    10992   12   70    8  106    6  149   13  -1
   47    11202  119  146  202  172  104   71  291  160  214  187  152   65  188  -1
   48    11406    4  186    9  177    9  154   12  187    8  -1
   49    11528    5  194    9  111    2   73    5  165   15  148    9   82    7  -1
   50    11555   14  189    7  187    5   88   14  170   12  157    3  -1
   51    12008   11  106   12   79    3  166    3  197    8  144   11   52    1   74    9   68    6  188    7  -1
   52    12286    5  134    6  192    8   99    9  -1
   53    12764    9  163    1  180    2   88    2   55    4  118    1  153    6   90    9  -1
   54    13091    7  199    2  182    5  100    4  170    7  159   13   81    8  143    4  105   15  -1
   55    13433   13  122    4  131   15  102   14  193   12  196    5  -1
   56    13548    6  125   15   53   10  116    4  169   13   78    5  139    2  -1
   57    14045    5  130    8  186   15  165    2  179   13  -1
   58    14351   15  165   15   90    3  159   12  129   12   53    4  167   10  157   15  -1
   59    14665   15  158    9  124    2  198   13  177   10  -1
   60    15063   10  138    9  105   10  150    7   66   15   81    3  -1
   61    15521    3  101    2  165    4  186    6  148   15   63    4  145    9  119   15  -1
   62    15718   13  126   10  182    7  114   11  102   11   61    1  140    3   54   11  111    4  -1
   63    15890   10  154    4  189   15   90    5  187   11  121    1  163    4   89   13   66    3  137   15  -1
   64    16282   11   53    2  172    3   63    4  157    6  163   10  155   10  158    4   56    8  151   14  -1
   65    16477    1   54   11  117    8   53    1   85   10  140   10  139    1  151   12  179   11  -1
   66    16556    9   90    5  149    8   64    2  173    3  161    6  -1
   67    16756    5  100    3  126    9   73    7  174   15  125   14  -1
   68    16931   12  191    4   69    2   66    9  125    2  -1
   69    17215    8  136   14  134    4  190    4   94    7  120    9  129   14   76   11  164    4  -1
   70    17226    3   83    5  124    6  186   13  126    1   92    4  172    8  -1
   71    17661    4   89    6  163    5  198    7  199   15   93    9  -1
   72    17729  238  192  300  173  155  179  158  110  262  154  138  -1
   73    17829    2  179    7  101    3   96   14  171   11  104    9  114   12  126    7  -1
   74    18105   12  104   12  147    4  101    4  130    4  152   15  126    3   73    1  189   12  115   10  -1
   75    18364    5   51    1  132   14   55   15   98   10   57    4  125    2  179   13  154    5  -1
   76    18409    7  129    5  149   11   70    8  150    7  -1
   77    18673  143   61  243  172  282  196  261  195  114  167  238  -1
   78    18955    7  200   13  158    5  113    2   72   10  152    2   74    2  196    9  125    1  166    2  -1
   79    18980    5  152    3  152    9   60   15   60    5  -1
   80    19339   11  134   14  145    3  182    7  199    2  147    6  125   15  129   10  155   12  174    9  -1
   81    19707  206  191  224  189  278  -1
   82    20013    2   52   13  133   14   98   15  -1
   83    20267   13   87    9  156    4   78    9  200    4  162    4  -1
   84    20543    2  163   14  113    6   50   11  174    9   62   13  146    7  168   12  -1
   85    20783  115   75  228  154  135   82  170  100  156  138  132  -1
   86    20913   15  116   10  123    8   64    5  -1
   87    21180  195  133  190  144  152  151  115   71  118  136  241   76  153  -1
   88    21255   14   96   15   68   14  165    4   71   11  198   12  -1
   89    21660    5  121    3  145    5   74   15  178    6  -1
   90    21935   12   75   14  168    1  152    4   84    7  -1
   91    22034    8   81   11  196   12  160    3  187    9   94    2   93    1  173    2  159   14  -1
   92    22218   12  113   12  131    8   61    4  183    1  161   11  108    1  -1
   93    22527    5  155    5  117    2   57   10  110    5  177    7  169    6  190   11   52    2   50   14  -1
   94    22687  205  157  147  128  279  -1
   95    22995   12   96    6   68   13   60   12  117    1   53    2  134    6  144   12  174   15  171    5  -1
   96    23265   14  129    2  124    7  148    7   63    8   52   10  -1
   97    23503   12   94    7  151    5  177    9   67   13  153    9   64   10  161   10  156    3  163   15  -1
   98    23901   10  150    1  179   14  158    6  171    5   83   12  107   12  109    3   64    3  150   15  -1
   99    23957    3   51    1  163    4   71    7  197    5  155   14  160    2   95    4  -1
  100    24419    1   77    7  147    1  174    1   61   15  123    3  -1
